1
514
2
3
513
6
515
8
9
520
11
522
13
14
15
16
17
18
19
523
21
22
23
535
25
27
28
29
539
31
32
33
34
35
36
38
39
40
550
42
44
46
47
48
49
51
52
53
54
56
57
58
570
60
61
62
622
64
66
67
70
72
73
74
585
76
588
79
592
82
525
85
87
88
89
600
91
93
95
96
97
99
100
101
102
613
105
106
107
108
618
110
111
112
113
114
115
116
117
118
119
627
121
126
129
130
131
132
641
134
135
136
137
644
141
142
143
144
145
146
150
151
154
159
161
162
164
165
172
174
175
176
182
183
184
187
188
189
190
192
193
195
198
200
205
206
207
208
210
211
212
216
217
218
220
225
226
232
236
237
239
240
241
246
247
256
259
261
267
268
272
274
275
276
277
288
289
290
293
296
299
303
304
306
311
312
313
320
326
330
331
333
356
358
369
375
379
388
389
390
399
400
402
404
407
408
421
422
424
426
435
443
449
453
456
464
466
475
479
485
486
492
495
496
504
